16808.159768318106	750	4.0	0.8872836624630916	450283	887.2836624630917	-3.065319748591294
16809.433159361477	1200	6.726608956627221	0.0	611087	1273.3910433727794	0.75
16810.651674060286	1200	9.508094257821517	0.0	571051	1218.5146988057043	1.2
16812.07527724123	1200	12.084491076875503	0.0	617681	1423.603180946013	1.2
16814.23057976494	1850	13.929188553166648	0.0	996749	2155.3025237088555	1.2000000000000002
16816.6545281211	2850	15.505240197006053	0.0	1224260	2423.948356160596	1.85
16819.296867253284	2850	16.862901064819948	0.0	1388403	2642.3391321861063	2.85
16824.461469066686	4300	15.698299251417648	0.0	2290172	5164.601813402301	2.8499999999999996
16827.413863662732	2850	16.745904655375526	0.0	1348011	2952.394596042122	1.4000000000000001
16830.96899476672	2850	17.190773551387736	0.0	1429765	3555.131103987789	2.85
16834.176706646547	2850	17.983061671559778	0.0	1354548	3207.711879827953	2.85
16838.156230273184	2850	18.003538044924884	0.0	1519951	3979.5236266348957	2.85
16841.28832711439	2850	18.87144120371693	0.0	1422919	3132.096841207955	2.85
16846.79457212089	2850	17.365196197218417	0.0	1578343	5506.245006498513	2.85
16863.476113971938	2850	4.683654346171439	0.0	1231445	16681.54185104698	2.85
16869.583375603605	2850	4.0	1.4236072854952126	1471065	6107.261631666652	-3.271511327629414
16872.23688675879	1850	5.346488844816398	0.0	966699	2653.511155183602	0.8500000000000001
16874.947690240337	1850	6.6356853632658455	0.0	885714	2710.803481550552	1.85
16878.165886990362	1850	7.417488613242134	0.0	987708	3218.1967500237115	1.85
16879.64515008381	1200	9.93822551979148	0.0	586839	1479.2630934506544	0.5499999999999999
16881.29496934065	1200	12.288406262947808	0.0	601738	1649.8192568436718	1.2
16884.2826622981	1850	13.300713305498473	0.0	955231	2987.6929574493356	1.2000000000000002
16887.70127382456	1850	13.88210177903876	0.0	968026	3418.6115264597142	1.85
16892.87668298095	1850	12.706692622649058	0.0	874175	5175.409156389703	1.85
16896.635991560113	1850	12.947384043487247	0.0	897976	3759.308579161811	1.85
16899.19306696069	1850	14.390308642908758	0.0	905935	2557.0754005784893	1.85
16902.63558228514	1850	14.947793318461269	0.0	1076599	3442.5153244474895	1.85
16907.104845894955	2850	14.478529708646535	0.0	1141971	4469.263609814734	1.85
16912.17327533115	2850	13.410100272449068	0.0	1498470	5068.429436197465	2.85
16917.990971338404	2850	11.59240426519571	0.0	1561263	5817.696007253357	2.85
16921.05073696696	2850	12.532638636637055	0.0	1341201	3059.7656285586563	2.85
16924.608757939142	2850	12.97461766445621	0.0	1497683	3558.0209721808465	2.85
16927.65252480019	2850	13.93085080340872	0.0	1358081	3043.766861047488	2.85
16931.26056172682	2850	14.322813876778254	0.0	1587293	3608.0369266304674	2.85
16934.687498291263	2850	14.89587731233531	0.0	1492672	3426.9365644429445	2.85
16938.15722622464	2850	15.426149378953447	0.0	1439896	3469.727933381862	2.85
16940.75436700859	2850	16.82900859500762	0.0	1139291	2597.140783945828	2.85
16944.174028632173	2850	17.409346971425883	0.0	1499009	3419.661623581736	2.85
16947.27721923264	2850	18.30615637095547	0.0	1427478	3103.1906004704097	2.85
16950.506274844767	2850	19.077100758830166	0.0	1402287	3229.055612125305	2.85
16953.447875906266	2850	20.135499697328257	0.0	1339500	2941.6010615019077	2.85
16956.832712817788	2850	20.750662785807936	0.0	1527299	3384.8369115203195	2.85
16959.979736142635	2850	21.60363946096147	0.0	1343002	3147.0233248464665	2.85
16965.040541579656	2850	20.54283402394237	0.0	1587250	5060.805437019102	2.85
16968.205843553435	2850	21.37753205016502	0.0	1464921	3165.3019737773484	2.85
16971.464252132013	2850	22.11912347158583	0.0	1483527	3258.4085785791885	2.85
16973.950478491166	2850	23.632897112434396	0.0	1231456	2486.2263591514347	2.85
16976.551898877482	2850	25.031476726116466	0.0	1364537	2601.4203863179273	2.85

