16307.193772605819	750	4.0	0.8872836624630916	450283	887.2836624630917	-3.065319748591294
16308.049014074219	750	7.144758531598576	0.0	398865	855.2414684014233	0.75
16309.875688953274	1850	9.318083652543402	0.0	877771	1826.6748790551742	0.75
16312.0118414825	1850	11.181931123319464	0.0	933276	2136.152529223939	1.85
16314.081866984667	1850	13.11190562115203	0.0	996749	2070.0255021674357	1.85
16315.664593566175	1850	15.529179039645461	0.0	801058	1582.7265815065682	1.85
16317.419402102945	1850	17.774370502873534	0.0	905515	1754.8085367719245	1.85
16319.775976599265	1850	19.417796006553196	0.0	1060487	2356.5744963203374	1.85
16321.721199063753	1850	21.4725735420647	0.0	852833	1945.2224644884948	1.85
16323.74936680294	1850	23.44440580287875	0.0	913888	2028.1677391859491	1.85
16325.807047422904	1850	25.386725182914788	0.0	939819	2057.6806199639664	1.85
16328.050143665178	1850	27.143628940641054	0.0	917428	2243.096242273731	1.85
16330.419975516672	1850	28.77379708914699	0.0	946851	2369.8318514940647	1.85
16332.827495261097	1850	30.36627734472069	0.0	1036454	2407.519744426301	1.85
16335.003747903611	1850	32.190024702206635	0.0	821631	2176.252642514056	1.85
16340.13742126853	4300	31.056351337287094	0.0	2152483	5133.673364919539	1.8499999999999996
16351.022133134058	4300	24.1716394717593	0.0	2289689	10884.711865527794	4.3
16368.396722508902	4300	10.797050096916125	0.0	2059512	17374.589374843174	4.3
16371.075395402795	1850	12.118377203022545	0.0	987708	2678.6728938935817	-0.6000000000000001
16373.84406551621	1850	13.349707089606316	0.0	923755	2768.6701134162277	1.85
16376.856568926925	1850	14.337203678892093	0.0	891604	3012.503410714222	1.85
16379.284545809984	1850	15.909226795833431	0.0	955231	2427.9768830586613	1.85
16382.2163034176	1850	16.97746918821845	0.0	968026	2931.757607614983	1.85
16384.838462638436	1850	18.355309967381157	0.0	874175	2622.159220837292	1.85
16389.003248365643	1850	18.190524240175147	0.0	897976	4164.785727206008	1.85
16393.993236703805	1850	17.200535902014597	0.0	905935	4989.9883381605505	1.85
16397.63131043236	1850	17.562462173457583	0.0	1076599	3638.073728557014	1.85
16399.70819199931	1850	19.48558060650923	0.0	758197	2076.881566948353	1.85
16403.107100535035	1850	20.08667207078526	0.0	972798	3398.9085357239696	1.85
16407.07374156103	1850	20.12003104478769	0.0	975811	3966.641025997565	1.85
16410.10875486983	1850	21.08501773599075	0.0	873429	3035.013308796941	1.85
16412.795706781155	1850	22.398065824667	0.0	954453	2686.95191132375	1.85
16416.816742213465	1850	22.377030392356087	0.0	885062	4021.0354323109136	1.85
16419.27342916846	1850	23.92034343736005	0.0	1035329	2456.6869549960356	1.85
16421.86108098856	1850	25.332691617261133	0.0	1026056	2587.651820098916	1.85
16423.97910052823	1850	27.21467207759038	0.0	943942	2118.019539670757	1.85
16425.64250712475	1850	29.551265481071226	0.0	728962	1663.4065965191496	1.85
16427.809989467693	1850	31.383783138129463	0.0	938587	2167.4823429417625	1.85
16429.866369171803	1850	33.32740343401866	0.0	908665	2056.3797041108037	1.85
16434.80252970656	4300	32.39124289926026	0.0	2146120	4936.160534758401	1.8499999999999996
16439.72304550801	4300	31.47072709780979	0.0	2108491	4920.515801450473	4.3
16444.59269105381	4300	30.6010815520091	0.0	2184571	4869.645545800691	4.3
16449.323946245415	4300	29.869826360406172	0.0	2121928	4731.255191602928	4.3
16454.191702496715	4300	29.002070109104498	0.0	2219102	4867.7562513016765	4.3
16458.962401933208	4300	28.231370672615498	0.0	2124950	4770.699436489002	4.3
16465.609475109308	4300	25.58429749651541	0.0	2246506	6647.073176100087	4.3
16469.740769671596	4300	25.453002934227328	0.0	1961140	4131.294562288083	4.3
16474.03822552091	4300	25.15554708491108	0.0	2155012	4297.455849316244	4.3

