13506.345441387984	750	4.0	0.8872836624630916	450283	887.2836624630917	-3.065319748591294
13506.725225010987	300	7.620216376998051	0.0	155580	379.78362300194965	-0.15000000000000002
13507.077451848812	300	11.26798953917365	0.0	139857	352.22683782440106	0.3
13507.46286819612	300	14.882573191865292	0.0	155432	385.4163473083563	0.3
13507.865195350461	300	18.480246037525642	0.0	163442	402.32715433965353	0.3
13508.57274900806	750	21.77269237992581	0.0	318564	707.5536575998309	0.3
13509.80952537514	1200	24.535916012848055	0.0	561791	1236.776367077756	0.75
13512.1850889853	1850	26.1603524026865	0.0	1060487	2375.563610161556	1.2000000000000002
13513.420641076316	1200	28.92480031166937	0.0	584846	1235.5520910171285	0.5499999999999999
13515.220571486108	1850	31.12486990187933	0.0	913888	1799.9304097900388	1.2000000000000002
13515.948805504766	750	34.396635883221926	0.0	353220	728.2340186574085	-0.3500000000000001
13517.133688402795	1200	37.211752985193236	0.0	594078	1184.8828980286949	0.75
13518.42666976496	1200	39.918771623027126	0.0	624282	1292.9813621661085	1.2
13519.6265114162	750	42.71892997178744	0.0	434409	1199.8416512396873	0.3
13520.522664730386	750	45.822776657601395	0.0	337059	896.1533141860419	0.75
13523.669851353214	2850	46.6755900347748	0.0	1471065	3147.186622826594	0.75
13525.046953038438	1200	49.29848834955148	0.0	617242	1377.1016852233267	-0.44999999999999996
13526.361741291108	1200	51.983700096880504	0.0	581493	1314.7882526709645	1.2
13528.009704761953	1200	54.33573662603664	0.0	639204	1647.9634708438687	1.2
13528.89954741678	750	57.445893971208136	0.0	350713	889.842654828503	0.3
13529.541283060818	300	59.9807210186656	0.0	157671	465.1729525425305	-0.15000000000000002
13531.06027257021	1200	59.54450758586872	0.0	616206	1436.2134327968845	0.29999999999999993
13533.08045118956	1200	59.7908063097404	0.0	656471	1753.7012761283268	1.2
13534.491780689325	1200	59.623380283920106	0.0	536667	1167.4260258202876	1.2
13538.458982488995	1200	59.65617848424971	0.0	587236	3467.2017996703994	1.2
13546.064229359481	1200	56.05093161376403	0.0	590335	7605.246870485683	1.2
13556.060907577907	1200	50.054253395338954	0.0	696376	9996.678218425073	1.2
13558.283920254538	1200	51.83124071870663	0.0	487160	2223.012676632315	1.2
13559.478356330164	750	54.636804643080566	0.0	400396	1194.4360756260676	0.3
13561.174759185806	1200	56.94040178743922	0.0	641447	1696.4028556413434	0.75
13562.785932424018	1200	59.32922854922697	0.0	570392	1611.173238212257	1.2
13565.144688337748	1200	59.993878177579994	0.0	620283	1835.3503716469727	1.2
13567.388283909017	1200	59.96878316298664	0.0	584349	2025.0950145933548	1.2
13568.052300536248	300	59.50602519925873	0.0	163444	462.75796372791103	-0.6000000000000001
13570.297237270453	1200	59.95918614960806	0.0	690253	2046.8390496506709	0.29999999999999993
13574.584213363543	1200	59.67221005651898	0.0	598727	3286.9760930890866	1.2
13577.44483271466	1200	59.54943725068213	0.0	487812	2622.772805836842	1.2
13579.28372926244	750	59.628912206532306	0.0	361565	1420.5250441498295	0.3
13581.851763340015	1200	59.66908089096138	0.0	605884	1959.8313155709197	0.75
13584.662081816425	1200	59.768023043257315	0.0	587506	2401.057847704067	1.2
13587.163850913294	1200	59.646768842426624	0.0	566904	2121.254200830694	1.2
13589.297846837684	1200	59.93002837624928	0.0	641452	1716.7404661773392	1.2
13592.514274124089	1200	59.65044242865304	0.0	599477	2779.5859475962466	1.2
13594.416383107417	1200	59.68780854889494	0.0	634861	1462.6338797580893	1.2
13595.474084907335	750	59.728695305719874	0.0	398987	959.113243175065	0.3
13596.86078488889	750	59.73963952681411	0.0	393804	989.0557789057741	0.75
13598.494662982497	1200	59.94652259083529	0.0	538612	1293.116935978812	0.75
13600.232805943986	1200	59.53283173640436	0.0	550906	1413.6908544309345	1.2

